block 1 
3096, 5078, 4079, 2032, 5081, 4078, 2030, 3007 trial=Tongue 
4078, 4078, 3089, 5079, 5078, 2032, 2031, 3008 trial=Feet 
5079, 3088, 4082, 5078, 2036, 4078, 3092, 2008 trial=Mis 
5082, 5078, 3091, 3089, 2030, 2031, 4081, 4008 trial=Hand 


block 2 
3089, 4081, 2030, 3090, 5077, 2034, 4082, 5008 trial=Feet 
4080, 2030, 5078, 5078, 2036, 3088, 3089, 4007 trial=Mis 
2035, 5077, 5078, 4077, 4081, 2031, 3091, 3008 trial=Hand 
2032, 3092, 3092, 4078, 5076, 5079, 4082, 2008 trial=Tongue 


block 3 
4082, 2033, 2032, 5078, 3090, 4079, 5077, 3007 trial=Hand 
5078, 3088, 4078, 2030, 3091, 5082, 2032, 4007 trial=Feet 
3085, 4079, 5076, 3094, 2029, 5078, 4078, 2007 trial=Tongue 
2032, 2032, 3088, 3089, 4077, 5081, 5079, 4008 trial=Mis 


block 4 
3089, 5077, 4077, 2032, 5077, 4079, 2031, 3008 trial=Tongue 
4077, 4078, 3089, 5162, 5079, 2131, 2027, 3007 trial=Mis 
5109, 3095, 4111, 5081, 2063, 4081, 3135, 2006 trial=Hand 
5077, 5111, 3089, 3119, 2027, 2043, 4078, 4007 trial=Feet 


block 5 
4080, 2036, 2066, 3090, 5116, 4078, 3177, 5008 trial=Mis 
3130, 4082, 4088, 5132, 2029, 3144, 5079, 2007 trial=Feet 
5079, 3136, 2026, 4082, 3133, 2026, 4182, 5008 trial=Hand 
2060, 5197, 5094, 2044, 3155, 3106, 4113, 4007 trial=Tongue 


block 6 
4096, 3106, 3112, 2041, 2041, 4089, 5094, 5007 trial=Feet 
5089, 4087, 4091, 2045, 3106, 5092, 2060, 3007 trial=Hand 
2043, 5086, 4088, 3101, 5085, 4171, 3176, 2007 trial=Tongue 
3100, 2044, 2043, 4091, 4089, 3096, 5087, 5008 trial=Mis 


block 7 
4088, 4085, 2040, 2038, 4096, 3096, 5088, 5007 trial=Hand 
5085, 3098, 2039, 5089, 4090, 2037, 3100, 4007 trial=Tongue 
2029, 5084, 4038, 4084, 3099, 3093, 5084, 2007 trial=Mis 
4090, 2044, 5089, 4087, 3093, 5037, 2039, 3006 trial=Feet 


